colsample_bytree: 0.780646702755218
learning_rate: 0.01
max_depth: 10
n_estimators: 100
subsample: 0.7094326763632633