playSequence,quarter,possessionTeamId,nonpossessionTeamId,playNumberByTeam,gameClock,down,distance,distanceToGoalPre,netYards,scorePossession,scoreNonpossession,fieldGoalProbability,playType_Actual,playType_Predicted,huddle_Actual,huddle_Predicted,formation_Actual,formation_Predicted,playResult_Actual,playResult_Predicted,noPlay_Actual,noPlay_Predicted,gameClockSecondsExpired_Actual,gameClockSecondsExpired_Predicted,Cumulative_Actual,Cumulative_Predicted,gameClockStoppedAfterPlay_Actual,gameClockStoppedAfterPlay_Predicted,offensiveYards_Actual,offensiveYards_Predicted
162.0,4.0,3430.0,610.0,87.0,14.0,2.0,10.0,52.0,18.0,0.0,0.0,0.62,0.0,1.0,0.0,1.0,0.0,0.0,0.0,1.0,0.0,0.0,6.0,20.258811950683594,6.0,20.258811950683594,1.0,0.48883894085884094,0.0,7.763691425323486
1.0,1.0,0.0,1.0,0.0,20.258811950683594,0.48883894085884094,7.763691425323486,0.0,0.0,0.0,0.0,0.0,4.0,1.0,1.0,1.0,0.0,0.0,5.0,6.0,0.0,0.0,34.0,19.87985271215439,40.0,40.13866466283798,0.0,0.3336101472377777,4.0,2.26239013671875
1.0,1.0,0.0,6.0,0.0,19.87985271215439,0.3336101472377777,2.26239013671875,0.0,0.0,0.0,0.0,0.0,4.0,1.0,1.0,1.0,0.0,0.0,5.0,1.0,0.0,0.0,37.0,20.46346288919449,77.0,60.60212755203247,0.0,0.3705172836780548,5.0,0.0
1.0,1.0,0.0,1.0,0.0,20.46346288919449,0.3705172836780548,0.0,0.0,0.0,0.0,0.0,0.0,4.0,1.0,1.0,1.0,0.0,0.0,5.0,1.0,0.0,0.0,43.0,22.51926302909851,120.0,83.12139058113098,0.0,0.43078917264938354,2.0,0.0
1.0,1.0,0.0,1.0,0.0,22.51926302909851,0.43078917264938354,0.0,0.0,0.0,0.0,0.0,0.0,4.0,1.0,1.0,1.0,0.0,0.0,5.0,1.0,0.0,0.0,35.0,23.22846406698227,155.0,106.34985464811325,0.0,0.418209433555603,8.0,0.0
1.0,1.0,0.0,1.0,0.0,23.22846406698227,0.418209433555603,0.0,0.0,0.0,0.0,0.0,0.0,4.0,1.0,1.0,1.0,0.0,0.0,6.0,1.0,0.0,0.0,38.0,23.818353533744812,193.0,130.16820818185806,0.0,0.3881157636642456,4.0,0.0
1.0,1.0,0.0,1.0,0.0,23.818353533744812,0.3881157636642456,0.0,0.0,0.0,0.0,0.0,0.0,1.0,1.0,1.0,1.0,1.0,0.0,2.0,1.0,1.0,0.0,3.0,24.326579809188843,196.0,154.4947879910469,0.0,0.37109318375587463,0.0,0.0
1.0,1.0,0.0,1.0,0.0,24.326579809188843,0.37109318375587463,0.0,0.0,0.0,0.0,0.0,0.0,4.0,1.0,1.0,1.0,0.0,0.0,5.0,1.0,0.0,0.0,35.0,24.598817467689514,231.0,179.09360545873642,0.0,0.3658192753791809,3.0,0.0
1.0,1.0,0.0,1.0,0.0,24.598817467689514,0.3658192753791809,0.0,0.0,0.0,0.0,0.0,0.0,4.0,1.0,1.0,1.0,0.0,0.0,5.0,1.0,0.0,0.0,40.0,24.742271423339844,271.0,203.83587688207626,0.0,0.3650185465812683,5.0,0.0
1.0,1.0,0.0,1.0,0.0,24.742271423339844,0.3650185465812683,0.0,0.0,0.0,0.0,0.0,0.0,4.0,1.0,1.0,1.0,0.0,0.0,5.0,1.0,0.0,0.0,38.0,25.08868110179901,309.0,228.92455798387527,0.0,0.36534637212753296,11.0,0.0
1.0,1.0,0.0,1.0,0.0,25.08868110179901,0.36534637212753296,0.0,0.0,0.0,0.0,0.0,0.0,4.0,1.0,1.0,1.0,0.0,0.0,5.0,1.0,0.0,0.0,37.0,25.808295607566833,346.0,254.7328535914421,0.0,0.364366352558136,0.0,0.0
1.0,1.0,0.0,1.0,0.0,25.808295607566833,0.364366352558136,0.0,0.0,0.0,0.0,0.0,0.0,1.0,1.0,1.0,1.0,0.0,0.0,2.0,1.0,0.0,0.0,5.0,26.4482501745224,351.0,281.1811037659645,0.0,0.3624885678291321,0.0,0.0
1.0,1.0,0.0,1.0,0.0,26.4482501745224,0.3624885678291321,0.0,0.0,0.0,0.0,0.0,0.0,1.0,1.0,1.0,1.0,1.0,0.0,2.0,1.0,0.0,0.0,4.0,26.674774765968323,355.0,307.85587853193283,0.0,0.36229315400123596,0.0,0.0
1.0,1.0,0.0,1.0,0.0,26.674774765968323,0.36229315400123596,0.0,0.0,0.0,0.0,0.0,0.0,3.0,1.0,0.0,1.0,0.0,0.0,4.0,1.0,0.0,0.0,0.0,26.516135811805725,355.0,334.37201434373856,1.0,0.3645898699760437,0.0,0.0
1.0,1.0,0.0,1.0,0.0,26.516135811805725,0.3645898699760437,0.0,0.0,0.0,0.0,0.0,0.0,0.0,1.0,0.0,1.0,0.0,0.0,0.0,1.0,0.0,0.0,12.0,26.163145899772644,367.0,360.5351602435112,1.0,0.36923620104789734,0.0,0.0
1.0,1.0,0.0,1.0,0.0,26.163145899772644,0.36923620104789734,0.0,0.0,0.0,0.0,0.0,0.0,1.0,1.0,1.0,1.0,0.0,1.0,1.0,1.0,0.0,0.0,46.0,25.78854477405548,413.0,386.3237050175667,0.0,0.3756447434425354,11.0,0.0
1.0,1.0,1.0,1.0,0.0,25.78854477405548,0.3756447434425354,0.0,0.0,0.0,0.0,0.0,0.0,4.0,1.0,1.0,1.0,0.0,0.0,5.0,1.0,0.0,0.0,42.0,25.55392813682556,455.0,411.87763315439224,0.0,0.38352835178375244,1.0,0.0
1.0,1.0,0.0,1.0,0.0,25.55392813682556,0.38352835178375244,0.0,0.0,0.0,0.0,0.0,0.0,4.0,1.0,1.0,1.0,1.0,1.0,6.0,1.0,0.0,0.0,32.0,25.27474546432495,487.0,437.1523786187172,1.0,0.38873112201690674,7.0,0.0
1.0,1.0,1.0,1.0,0.0,25.27474546432495,0.38873112201690674,0.0,0.0,0.0,0.0,0.0,0.0,2.0,1.0,1.0,1.0,1.0,1.0,3.0,1.0,1.0,0.0,22.0,25.227149724960327,509.0,462.3795283436775,0.0,0.39408329129219055,0.0,0.0
1.0,1.0,1.0,1.0,0.0,25.227149724960327,0.39408329129219055,0.0,0.0,0.0,0.0,0.0,0.0,4.0,1.0,1.0,1.0,0.0,1.0,6.0,1.0,1.0,0.0,29.0,25.21423041820526,538.0,487.5937587618828,1.0,0.3960976302623749,0.0,0.0
1.0,1.0,1.0,1.0,0.0,25.21423041820526,0.3960976302623749,0.0,0.0,0.0,0.0,0.0,0.0,1.0,1.0,1.0,1.0,1.0,1.0,2.0,1.0,0.0,0.0,6.0,25.295586585998535,544.0,512.8893453478813,0.0,0.3955508768558502,0.0,0.0
1.0,1.0,1.0,1.0,0.0,25.295586585998535,0.3955508768558502,0.0,0.0,0.0,0.0,0.0,0.0,4.0,1.0,1.0,1.0,0.0,1.0,5.0,1.0,0.0,0.0,44.0,25.448968648910522,588.0,538.3383139967918,0.0,0.39277151226997375,11.0,0.0
1.0,1.0,1.0,1.0,0.0,25.448968648910522,0.39277151226997375,0.0,0.0,0.0,0.0,0.0,0.0,1.0,1.0,1.0,1.0,1.0,1.0,2.0,1.0,0.0,0.0,5.0,25.6496080160141,593.0,563.9879220128059,0.0,0.3884578049182892,0.0,0.0
1.0,1.0,1.0,1.0,0.0,25.6496080160141,0.3884578049182892,0.0,0.0,0.0,0.0,0.0,0.0,5.0,1.0,0.0,1.0,0.0,1.0,8.0,1.0,0.0,0.0,9.0,25.865264177322388,602.0,589.8531861901283,1.0,0.3834315538406372,0.0,0.0
1.0,1.0,1.0,1.0,0.0,25.865264177322388,0.3834315538406372,0.0,0.0,0.0,0.0,0.0,0.0,4.0,1.0,1.0,1.0,0.0,1.0,5.0,1.0,0.0,0.0,36.0,26.069052815437317,638.0,615.9222390055656,0.0,0.37841182947158813,2.0,0.0
1.0,1.0,1.0,1.0,0.0,26.069052815437317,0.37841182947158813,0.0,0.0,0.0,0.0,0.0,0.0,1.0,1.0,1.0,1.0,0.0,1.0,1.0,1.0,0.0,0.0,40.0,26.244088649749756,678.0,642.1663276553154,0.0,0.3738626539707184,3.0,0.0
1.0,1.0,1.0,1.0,0.0,26.244088649749756,0.3738626539707184,0.0,0.0,0.0,0.0,0.0,0.0,1.0,1.0,1.0,1.0,1.0,1.0,7.0,2.0,0.0,0.0,8.0,26.386770486831665,686.0,668.5530981421471,1.0,0.369961142539978,0.0,0.0
1.0,1.0,1.0,2.0,0.0,26.386770486831665,0.369961142539978,0.0,0.0,0.0,0.0,0.0,0.0,6.0,1.0,0.0,1.0,0.0,1.0,9.0,2.0,0.0,0.0,0.0,26.145826935768127,686.0,694.6989250779152,1.0,0.3702935576438904,0.0,0.0
1.0,1.0,1.0,2.0,0.0,26.145826935768127,0.3702935576438904,0.0,0.0,0.0,0.0,0.0,0.0,0.0,1.0,0.0,1.0,0.0,1.0,0.0,2.0,0.0,0.0,6.0,26.116851210594177,692.0,720.8157762885094,1.0,0.3701089024543762,0.0,0.0
1.0,1.0,1.0,2.0,0.0,26.116851210594177,0.3701089024543762,0.0,0.0,0.0,0.0,0.0,0.0,4.0,1.0,1.0,1.0,0.0,1.0,5.0,2.0,0.0,0.0,32.0,26.126451015472412,724.0,746.9422273039818,0.0,0.3694244623184204,7.0,0.0
1.0,1.0,1.0,2.0,0.0,26.126451015472412,0.3694244623184204,0.0,0.0,0.0,0.0,0.0,0.0,4.0,1.0,1.0,1.0,0.0,1.0,5.0,2.0,0.0,0.0,38.0,26.14810073375702,762.0,773.0903280377388,0.0,0.36869266629219055,1.0,0.0
1.0,1.0,1.0,2.0,0.0,26.14810073375702,0.36869266629219055,0.0,0.0,0.0,0.0,0.0,0.0,1.0,1.0,1.0,1.0,0.0,1.0,1.0,2.0,0.0,0.0,38.0,26.170597553253174,800.0,799.260925590992,0.0,0.36804473400115967,4.0,0.0
1.0,1.0,1.0,2.0,0.0,26.170597553253174,0.36804473400115967,0.0,0.0,0.0,0.0,0.0,0.0,4.0,1.0,1.0,1.0,0.0,1.0,5.0,2.0,0.0,0.0,43.0,26.190802335739136,843.0,825.4517279267311,0.0,0.36749181151390076,3.0,0.0
1.0,1.0,1.0,2.0,0.0,26.190802335739136,0.36749181151390076,0.0,0.0,0.0,0.0,0.0,0.0,4.0,1.0,1.0,1.0,1.0,1.0,6.0,2.0,0.0,0.0,43.0,26.20755183696747,886.0,851.6592797636986,0.0,0.3670298457145691,0.0,0.0
1.0,1.0,1.0,2.0,0.0,26.20755183696747,0.3670298457145691,0.0,0.0,0.0,0.0,0.0,0.0,1.0,1.0,1.0,1.0,1.0,1.0,1.0,2.0,0.0,0.0,14.0,26.220781207084656,900.0,877.8800609707832,0.0,0.36665078997612,7.0,0.0
1.0,1.0,1.0,2.0,0.0,26.220781207084656,0.36665078997612,0.0,0.0,0.0,0.0,0.0,0.0,1.0,1.0,1.0,1.0,0.0,1.0,2.0,2.0,1.0,0.0,5.0,26.230857253074646,905.0,904.1109182238579,0.0,0.36634477972984314,0.0,0.0
1.0,1.0,1.0,2.0,0.0,26.230857253074646,0.36634477972984314,0.0,0.0,0.0,0.0,0.0,0.0,4.0,1.0,1.0,1.0,0.0,1.0,5.0,2.0,0.0,0.0,36.0,26.23830282688141,941.0,930.3492210507393,0.0,0.36610209941864014,6.0,0.0
1.0,1.0,1.0,2.0,0.0,26.23830282688141,0.36610209941864014,0.0,0.0,0.0,0.0,0.0,0.0,4.0,1.0,1.0,1.0,0.0,1.0,5.0,2.0,0.0,0.0,35.0,26.243624567985535,976.0,956.5928456187248,0.0,0.36591312289237976,3.0,0.0
1.0,1.0,1.0,2.0,0.0,26.243624567985535,0.36591312289237976,0.0,0.0,0.0,0.0,0.0,0.0,4.0,1.0,1.0,1.0,0.0,1.0,5.0,2.0,0.0,0.0,35.0,26.247286558151245,1011.0,982.8401321768761,0.0,0.3657689392566681,4.0,0.0
1.0,1.0,1.0,2.0,0.0,26.247286558151245,0.3657689392566681,0.0,0.0,0.0,0.0,0.0,0.0,4.0,1.0,1.0,1.0,0.0,1.0,6.0,2.0,0.0,0.0,46.0,26.24968194961548,1057.0,1009.0898141264915,0.0,0.3656609356403351,18.0,0.0
1.0,1.0,1.0,2.0,0.0,26.24968194961548,0.3656609356403351,0.0,0.0,0.0,0.0,0.0,0.0,4.0,1.0,1.0,1.0,0.0,1.0,6.0,2.0,0.0,0.0,37.0,26.25111675262451,1094.0,1035.340930879116,0.0,0.36558234691619873,2.0,0.0
1.0,1.0,1.0,2.0,0.0,26.25111675262451,0.36558234691619873,0.0,0.0,0.0,0.0,0.0,0.0,4.0,1.0,1.0,1.0,0.0,1.0,5.0,2.0,0.0,0.0,44.0,26.251815915107727,1138.0,1061.5927467942238,0.0,0.36552760004997253,2.0,0.0
1.0,1.0,1.0,2.0,0.0,26.251815915107727,0.36552760004997253,0.0,0.0,0.0,0.0,0.0,0.0,1.0,1.0,1.0,1.0,1.0,1.0,2.0,2.0,0.0,0.0,4.0,26.251967906951904,1142.0,1087.8447147011757,0.0,0.36549216508865356,0.0,0.0
1.0,1.0,1.0,2.0,0.0,26.251967906951904,0.36549216508865356,0.0,0.0,0.0,0.0,0.0,0.0,3.0,1.0,0.0,1.0,0.0,1.0,4.0,2.0,0.0,0.0,0.0,26.25171458721161,1142.0,1114.0964292883873,1.0,0.3654721677303314,0.0,0.0
1.0,1.0,1.0,2.0,0.0,26.25171458721161,0.3654721677303314,0.0,0.0,0.0,0.0,0.0,0.0,0.0,1.0,0.0,1.0,0.0,1.0,0.0,2.0,0.0,0.0,9.0,26.251161336898804,1151.0,1140.347590625286,1.0,0.3654644191265106,0.0,0.0
1.0,1.0,1.0,2.0,0.0,26.251161336898804,0.3654644191265106,0.0,0.0,0.0,0.0,0.0,0.0,4.0,1.0,1.0,1.0,0.0,1.0,5.0,2.0,0.0,0.0,40.0,26.250393271446228,1191.0,1166.5979838967323,0.0,0.36546623706817627,4.0,0.0
1.0,1.0,1.0,2.0,0.0,26.250393271446228,0.36546623706817627,0.0,0.0,0.0,0.0,0.0,0.0,4.0,1.0,1.0,1.0,0.0,1.0,6.0,2.0,0.0,0.0,48.0,26.249457001686096,1239.0,1192.8474408984184,0.0,0.36547526717185974,3.0,0.0
1.0,1.0,1.0,2.0,0.0,26.249457001686096,0.36547526717185974,0.0,0.0,0.0,0.0,0.0,0.0,1.0,1.0,1.0,1.0,1.0,1.0,2.0,2.0,0.0,0.0,3.0,26.248407244682312,1242.0,1219.0958481431007,0.0,0.3654903471469879,0.0,0.0
1.0,1.0,1.0,2.0,0.0,26.248407244682312,0.3654903471469879,0.0,0.0,0.0,0.0,0.0,0.0,5.0,1.0,0.0,1.0,0.0,1.0,0.0,2.0,0.0,0.0,8.0,26.24729061126709,1250.0,1245.3431387543678,1.0,0.36551007628440857,0.0,0.0
1.0,1.0,1.0,2.0,0.0,26.24729061126709,0.36551007628440857,0.0,0.0,0.0,0.0,0.0,0.0,4.0,1.0,1.0,1.0,0.0,1.0,5.0,2.0,0.0,0.0,41.0,26.24612534046173,1291.0,1271.5892640948296,0.0,0.36553332209587097,13.0,0.0
1.0,1.0,1.0,2.0,0.0,26.24612534046173,0.36553332209587097,0.0,0.0,0.0,0.0,0.0,0.0,4.0,1.0,1.0,1.0,0.0,1.0,5.0,2.0,0.0,0.0,34.0,26.24497628211975,1325.0,1297.8342403769493,0.0,0.36555856466293335,4.0,0.0
1.0,1.0,1.0,2.0,0.0,26.24497628211975,0.36555856466293335,0.0,0.0,0.0,0.0,0.0,0.0,1.0,1.0,1.0,1.0,0.0,1.0,1.0,2.0,0.0,0.0,43.0,26.243823170661926,1368.0,1324.0780635476112,0.0,0.3655853271484375,0.0,0.0
1.0,1.0,1.0,2.0,0.0,26.243823170661926,0.3655853271484375,0.0,0.0,0.0,0.0,0.0,0.0,1.0,1.0,1.0,1.0,1.0,1.0,1.0,2.0,1.0,0.0,34.0,26.242680191993713,1402.0,1350.320743739605,0.0,0.36561310291290283,0.0,0.0
1.0,1.0,1.0,2.0,0.0,26.242680191993713,0.36561310291290283,0.0,0.0,0.0,0.0,0.0,0.0,1.0,1.0,1.0,1.0,1.0,1.0,1.0,2.0,0.0,0.0,25.0,26.241547346115112,1427.0,1376.56229108572,1.0,0.36564138531684875,40.0,0.0
1.0,1.0,1.0,2.0,0.0,26.241547346115112,0.36564138531684875,0.0,0.0,0.0,0.0,0.0,0.0,4.0,1.0,1.0,1.0,0.0,1.0,5.0,2.0,0.0,0.0,31.0,26.240442872047424,1458.0,1402.8027339577675,0.0,0.36566993594169617,6.0,0.0
1.0,1.0,1.0,2.0,0.0,26.240442872047424,0.36566993594169617,0.0,0.0,0.0,0.0,0.0,0.0,4.0,1.0,1.0,1.0,0.0,1.0,5.0,2.0,0.0,0.0,34.0,26.23936676979065,1492.0,1429.0421007275581,0.0,0.36569836735725403,7.0,0.0
1.0,1.0,1.0,2.0,0.0,26.23936676979065,0.36569836735725403,0.0,0.0,0.0,0.0,0.0,0.0,4.0,1.0,1.0,1.0,0.0,1.0,6.0,2.0,0.0,0.0,36.0,26.238314986228943,1528.0,1455.280415713787,0.0,0.3657265305519104,2.0,0.0
1.0,1.0,1.0,2.0,0.0,26.238314986228943,0.3657265305519104,0.0,0.0,0.0,0.0,0.0,0.0,1.0,1.0,1.0,1.0,0.0,1.0,2.0,2.0,0.0,0.0,6.0,26.23729968070984,1534.0,1481.517715394497,0.0,0.36575424671173096,0.0,0.0
1.0,1.0,1.0,2.0,0.0,26.23729968070984,0.36575424671173096,0.0,0.0,0.0,0.0,0.0,0.0,1.0,1.0,1.0,1.0,1.0,1.0,1.0,2.0,0.0,0.0,33.0,26.236318826675415,1567.0,1507.7540342211723,0.0,0.3657814860343933,6.0,0.0
1.0,1.0,1.0,2.0,0.0,26.236318826675415,0.3657814860343933,0.0,0.0,0.0,0.0,0.0,0.0,3.0,1.0,0.0,1.0,0.0,1.0,4.0,2.0,0.0,0.0,0.0,26.235366344451904,1567.0,1533.9894005656242,1.0,0.36580801010131836,0.0,0.0
1.0,1.0,1.0,2.0,0.0,26.235366344451904,0.36580801010131836,0.0,0.0,0.0,0.0,0.0,0.0,0.0,1.0,0.0,1.0,0.0,1.0,0.0,2.0,0.0,0.0,11.0,26.234450340270996,1578.0,1560.2238509058952,1.0,0.36583393812179565,0.0,0.0
1.0,1.0,1.0,2.0,0.0,26.234450340270996,0.36583393812179565,0.0,0.0,0.0,0.0,0.0,0.0,1.0,1.0,1.0,1.0,0.0,1.0,2.0,2.0,0.0,0.0,4.0,26.233568787574768,1582.0,1586.45741969347,0.0,0.36585915088653564,0.0,0.0
1.0,1.0,1.0,2.0,0.0,26.233568787574768,0.36585915088653564,0.0,0.0,0.0,0.0,0.0,0.0,1.0,1.0,1.0,1.0,1.0,1.0,2.0,2.0,0.0,0.0,6.0,26.232699394226074,1588.0,1612.690119087696,0.0,0.3658839166164398,0.0,0.0
1.0,1.0,1.0,2.0,0.0,26.232699394226074,0.3658839166164398,0.0,0.0,0.0,0.0,0.0,0.0,1.0,1.0,1.0,1.0,1.0,1.0,1.0,2.0,0.0,0.0,0.0,26.231858372688293,1588.0,1638.9219774603844,1.0,0.3659079372882843,66.0,0.0
1.0,1.0,1.0,2.0,0.0,26.231858372688293,0.3659079372882843,0.0,0.0,0.0,0.0,0.0,0.0,6.0,1.0,0.0,1.0,0.0,1.0,9.0,2.0,0.0,0.0,0.0,26.231055855751038,1588.0,1665.1530333161354,1.0,0.3659312427043915,0.0,0.0
1.0,1.0,1.0,2.0,0.0,26.231055855751038,0.3659312427043915,0.0,0.0,0.0,0.0,0.0,0.0,0.0,1.0,0.0,1.0,0.0,1.0,0.0,2.0,0.0,0.0,20.0,26.230283737182617,1608.0,1691.383317053318,1.0,0.36595380306243896,0.0,0.0
1.0,1.0,1.0,2.0,0.0,26.230283737182617,0.36595380306243896,0.0,0.0,0.0,0.0,0.0,0.0,4.0,1.0,1.0,1.0,0.0,1.0,6.0,2.0,0.0,0.0,42.0,26.229542016983032,1650.0,1717.612859070301,0.0,0.36597561836242676,-2.0,0.0
1.0,1.0,1.0,2.0,0.0,26.229542016983032,0.36597561836242676,0.0,0.0,0.0,0.0,0.0,0.0,1.0,1.0,1.0,1.0,0.0,1.0,1.0,2.0,0.0,0.0,30.0,26.22884690761566,1680.0,1743.8417059779167,0.0,0.36599621176719666,6.0,0.0
1.0,1.0,1.0,2.0,0.0,26.22884690761566,0.36599621176719666,0.0,0.0,0.0,0.0,0.0,0.0,1.0,1.0,1.0,1.0,1.0,1.0,1.0,2.0,0.0,0.0,39.0,26.228180170059204,1719.0,1770.069886147976,0.0,0.3660160005092621,19.0,0.0
1.0,1.0,1.0,2.0,0.0,26.228180170059204,0.3660160005092621,0.0,0.0,0.0,0.0,0.0,0.0,9.0,1.0,1.0,1.0,1.0,1.0,3.0,2.0,0.0,0.0,6.0,26.227537751197815,1725.0,1796.2974238991737,0.0,0.3660351037979126,0.0,0.0
1.0,1.0,1.0,2.0,0.0,26.227537751197815,0.3660351037979126,0.0,0.0,0.0,0.0,0.0,0.0,1.0,1.0,1.0,1.0,1.0,1.0,2.0,2.0,0.0,0.0,7.0,26.226921677589417,1732.0,1822.5243455767632,0.0,0.3660534918308258,0.0,0.0
1.0,1.0,1.0,2.0,0.0,26.226921677589417,0.3660534918308258,0.0,0.0,0.0,0.0,0.0,0.0,1.0,1.0,1.0,1.0,1.0,1.0,2.0,2.0,0.0,0.0,4.0,26.22633194923401,1736.0,1848.7506775259972,0.0,0.3660711944103241,0.0,0.0
1.0,1.0,1.0,2.0,0.0,26.22633194923401,0.3660711944103241,0.0,0.0,0.0,0.0,0.0,0.0,5.0,1.0,0.0,1.0,0.0,1.0,8.0,2.0,0.0,0.0,8.0,26.225760459899902,1744.0,1874.976437985897,1.0,0.36608830094337463,0.0,0.0
1.0,1.0,1.0,2.0,0.0,26.225760459899902,0.36608830094337463,0.0,0.0,0.0,0.0,0.0,0.0,1.0,1.0,1.0,1.0,1.0,1.0,1.0,2.0,0.0,0.0,7.0,26.225213289260864,1751.0,1901.201651275158,1.0,0.36610478162765503,29.0,0.0
1.0,1.0,1.0,2.0,0.0,26.225213289260864,0.36610478162765503,0.0,0.0,0.0,0.0,0.0,0.0,1.0,1.0,1.0,1.0,1.0,1.0,2.0,2.0,0.0,0.0,5.0,26.224674224853516,1756.0,1927.4263255000114,0.0,0.3661209046840668,0.0,0.0
1.0,1.0,1.0,2.0,0.0,26.224674224853516,0.3661209046840668,0.0,0.0,0.0,0.0,0.0,0.0,1.0,1.0,1.0,1.0,1.0,1.0,2.0,2.0,0.0,0.0,5.0,26.22415339946747,1761.0,1953.650478899479,0.0,0.36613649129867554,0.0,0.0
1.0,1.0,1.0,2.0,0.0,26.22415339946747,0.36613649129867554,0.0,0.0,0.0,0.0,0.0,0.0,1.0,1.0,1.0,1.0,1.0,1.0,2.0,2.0,0.0,0.0,4.0,26.22365891933441,1765.0,1979.8741378188133,0.0,0.3661515414714813,0.0,0.0
1.0,1.0,1.0,2.0,0.0,26.22365891933441,0.3661515414714813,0.0,0.0,0.0,0.0,0.0,0.0,5.0,1.0,0.0,1.0,0.0,1.0,13.0,2.0,0.0,0.0,10.0,26.22317659854889,1775.0,2006.0973144173622,1.0,0.36616602540016174,0.0,0.0
1.0,1.0,1.0,2.0,0.0,26.22317659854889,0.36616602540016174,0.0,0.0,0.0,0.0,0.0,0.0,8.0,1.0,1.0,1.0,0.0,1.0,3.0,2.0,0.0,0.0,25.0,26.222716569900513,1800.0,2032.3200309872627,0.0,0.36618006229400635,-1.0,0.0
1.0,1.0,1.0,2.0,0.0,26.222716569900513,0.36618006229400635,0.0,0.0,0.0,0.0,0.0,0.0,0.0,1.0,0.0,1.0,0.0,1.0,0.0,2.0,0.0,0.0,6.0,26.22228693962097,1806.0,2058.5423179268837,1.0,0.3661932051181793,0.0,0.0
1.0,1.0,1.0,2.0,0.0,26.22228693962097,0.3661932051181793,0.0,0.0,0.0,0.0,0.0,0.0,4.0,1.0,1.0,1.0,0.0,1.0,5.0,2.0,0.0,0.0,9.0,26.221871495246887,1815.0,2084.7641894221306,1.0,0.3662058711051941,-2.0,0.0
1.0,1.0,1.0,2.0,0.0,26.221871495246887,0.3662058711051941,0.0,0.0,0.0,0.0,0.0,0.0,4.0,1.0,1.0,1.0,0.0,1.0,6.0,2.0,0.0,0.0,37.0,26.221460103988647,1852.0,2110.9856495261192,0.0,0.36621832847595215,-2.0,0.0
1.0,1.0,1.0,2.0,0.0,26.221460103988647,0.36621832847595215,0.0,0.0,0.0,0.0,0.0,0.0,1.0,1.0,1.0,1.0,0.0,1.0,2.0,2.0,0.0,0.0,7.0,26.22107708454132,1859.0,2137.2067266106606,0.0,0.3662300705909729,0.0,0.0
1.0,1.0,1.0,2.0,0.0,26.22107708454132,0.3662300705909729,0.0,0.0,0.0,0.0,0.0,0.0,4.0,1.0,1.0,1.0,1.0,1.0,5.0,2.0,0.0,0.0,39.0,26.22070622444153,1898.0,2163.427432835102,0.0,0.366241455078125,6.0,0.0
1.0,1.0,1.0,2.0,0.0,26.22070622444153,0.366241455078125,0.0,0.0,0.0,0.0,0.0,0.0,3.0,1.0,0.0,1.0,0.0,1.0,14.0,2.0,0.0,0.0,4.0,26.220349550247192,1902.0,2189.6477823853493,1.0,0.3662523925304413,0.0,0.0
1.0,1.0,1.0,2.0,0.0,26.220349550247192,0.3662523925304413,0.0,0.0,0.0,0.0,0.0,0.0,1.0,1.0,1.0,1.0,0.0,1.0,2.0,2.0,0.0,0.0,5.0,26.22000300884247,1907.0,2215.8677853941917,0.0,0.3662629723548889,0.0,0.0
1.0,1.0,1.0,2.0,0.0,26.22000300884247,0.3662629723548889,0.0,0.0,0.0,0.0,0.0,0.0,1.0,1.0,1.0,1.0,1.0,1.0,1.0,2.0,0.0,0.0,29.0,26.21966254711151,1936.0,2242.0874479413033,1.0,0.3662733733654022,11.0,0.0
1.0,1.0,1.0,2.0,0.0,26.21966254711151,0.3662733733654022,0.0,0.0,0.0,0.0,0.0,0.0,4.0,1.0,1.0,1.0,1.0,1.0,5.0,2.0,0.0,0.0,40.0,26.21933424472809,1976.0,2268.3067821860313,0.0,0.36628344655036926,4.0,0.0
1.0,1.0,1.0,2.0,0.0,26.21933424472809,0.36628344655036926,0.0,0.0,0.0,0.0,0.0,0.0,4.0,1.0,1.0,1.0,1.0,1.0,5.0,2.0,0.0,0.0,47.0,26.2190181016922,2023.0,2294.5258002877235,0.0,0.36629319190979004,1.0,0.0
1.0,1.0,1.0,2.0,0.0,26.2190181016922,0.36629319190979004,0.0,0.0,0.0,0.0,0.0,0.0,1.0,1.0,1.0,1.0,1.0,1.0,2.0,2.0,0.0,0.0,3.0,26.218714118003845,2026.0,2320.7445144057274,0.0,0.36630260944366455,0.0,0.0
1.0,1.0,1.0,2.0,0.0,26.218714118003845,0.36630260944366455,0.0,0.0,0.0,0.0,0.0,0.0,5.0,1.0,0.0,1.0,0.0,1.0,8.0,2.0,0.0,0.0,8.0,26.218414187431335,2034.0,2346.9629285931587,1.0,0.366311639547348,0.0,0.0
1.0,1.0,1.0,2.0,0.0,26.218414187431335,0.366311639547348,0.0,0.0,0.0,0.0,0.0,0.0,1.0,1.0,1.0,1.0,0.0,1.0,1.0,2.0,0.0,0.0,7.0,26.218132495880127,2041.0,2373.181061089039,1.0,0.3663204312324524,40.0,0.0
1.0,1.0,1.0,2.0,0.0,26.218132495880127,0.3663204312324524,0.0,0.0,0.0,0.0,0.0,0.0,4.0,1.0,1.0,1.0,0.0,1.0,6.0,2.0,0.0,0.0,33.0,26.217864990234375,2074.0,2399.398926079273,0.0,0.36632871627807617,-3.0,0.0
1.0,1.0,1.0,2.0,0.0,26.217864990234375,0.36632871627807617,0.0,0.0,0.0,0.0,0.0,0.0,1.0,1.0,1.0,1.0,0.0,1.0,1.0,2.0,0.0,0.0,37.0,26.217607617378235,2111.0,2425.6165336966515,0.0,0.36633673310279846,5.0,0.0
1.0,1.0,1.0,2.0,0.0,26.217607617378235,0.36633673310279846,0.0,0.0,0.0,0.0,0.0,0.0,1.0,1.0,1.0,1.0,1.0,1.0,2.0,2.0,0.0,0.0,5.0,26.217360377311707,2116.0,2451.833894073963,0.0,0.3663444519042969,0.0,0.0
1.0,1.0,1.0,2.0,0.0,26.217360377311707,0.3663444519042969,0.0,0.0,0.0,0.0,0.0,0.0,5.0,1.0,0.0,1.0,0.0,1.0,8.0,2.0,0.0,0.0,8.0,26.217119216918945,2124.0,2478.051013290882,1.0,0.3663518726825714,0.0,0.0
1.0,1.0,1.0,2.0,0.0,26.217119216918945,0.3663518726825714,0.0,0.0,0.0,0.0,0.0,0.0,4.0,1.0,1.0,1.0,0.0,1.0,5.0,2.0,0.0,0.0,40.0,26.216888189315796,2164.0,2504.267901480198,0.0,0.36635908484458923,0.0,0.0
1.0,1.0,1.0,2.0,0.0,26.216888189315796,0.36635908484458923,0.0,0.0,0.0,0.0,0.0,0.0,4.0,1.0,1.0,1.0,0.0,1.0,5.0,2.0,0.0,0.0,37.0,26.216655135154724,2201.0,2530.4845566153526,0.0,0.3663662075996399,0.0,0.0
1.0,1.0,1.0,2.0,0.0,26.216655135154724,0.3663662075996399,0.0,0.0,0.0,0.0,0.0,0.0,1.0,1.0,1.0,1.0,1.0,1.0,1.0,2.0,0.0,0.0,44.0,26.216430187225342,2245.0,2556.700986802578,0.0,0.3663731515407562,17.0,0.0
1.0,1.0,1.0,2.0,0.0,26.216430187225342,0.3663731515407562,0.0,0.0,0.0,0.0,0.0,0.0,4.0,1.0,1.0,1.0,0.0,1.0,5.0,2.0,0.0,0.0,35.0,26.21621537208557,2280.0,2582.9172021746635,1.0,0.36637982726097107,8.0,0.0
1.0,1.0,1.0,2.0,0.0,26.21621537208557,0.36637982726097107,0.0,0.0,0.0,0.0,0.0,0.0,4.0,1.0,1.0,1.0,0.0,1.0,6.0,2.0,0.0,0.0,44.0,26.216004610061646,2324.0,2609.133206784725,0.0,0.366386353969574,3.0,0.0
1.0,1.0,1.0,2.0,0.0,26.216004610061646,0.366386353969574,0.0,0.0,0.0,0.0,0.0,0.0,1.0,1.0,1.0,1.0,1.0,1.0,2.0,2.0,0.0,0.0,8.0,26.21580195426941,2332.0,2635.3490087389946,0.0,0.36639267206192017,0.0,0.0
1.0,1.0,1.0,2.0,0.0,26.21580195426941,0.36639267206192017,0.0,0.0,0.0,0.0,0.0,0.0,4.0,1.0,1.0,1.0,1.0,1.0,5.0,2.0,0.0,0.0,41.0,26.215607404708862,2373.0,2661.5646161437035,0.0,0.36639875173568726,4.0,0.0
1.0,1.0,1.0,2.0,0.0,26.215607404708862,0.36639875173568726,0.0,0.0,0.0,0.0,0.0,0.0,1.0,1.0,1.0,1.0,1.0,1.0,1.0,2.0,0.0,0.0,45.0,26.215418934822083,2418.0,2687.7800350785255,0.0,0.3664046823978424,18.0,0.0
1.0,1.0,1.0,2.0,0.0,26.215418934822083,0.3664046823978424,0.0,0.0,0.0,0.0,0.0,0.0,4.0,1.0,1.0,1.0,1.0,1.0,5.0,2.0,0.0,0.0,38.0,26.21523654460907,2456.0,2713.9952716231346,0.0,0.36641037464141846,3.0,0.0
1.0,1.0,1.0,2.0,0.0,26.21523654460907,0.36641037464141846,0.0,0.0,0.0,0.0,0.0,0.0,4.0,1.0,1.0,1.0,1.0,1.0,6.0,2.0,0.0,0.0,39.0,26.21505618095398,2495.0,2740.2103278040886,1.0,0.3664158880710602,4.0,0.0
1.0,1.0,1.0,2.0,0.0,26.21505618095398,0.3664158880710602,0.0,0.0,0.0,0.0,0.0,0.0,1.0,1.0,1.0,1.0,1.0,1.0,2.0,2.0,0.0,0.0,6.0,26.2148859500885,2501.0,2766.425213754177,0.0,0.36642131209373474,0.0,0.0
1.0,1.0,1.0,2.0,0.0,26.2148859500885,0.36642131209373474,0.0,0.0,0.0,0.0,0.0,0.0,3.0,1.0,0.0,1.0,0.0,1.0,12.0,2.0,0.0,0.0,5.0,26.214719772338867,2506.0,2792.639933526516,1.0,0.3664264678955078,0.0,0.0
1.0,1.0,1.0,2.0,0.0,26.214719772338867,0.3664264678955078,0.0,0.0,0.0,0.0,0.0,0.0,1.0,1.0,1.0,1.0,0.0,1.0,10.0,2.0,0.0,0.0,9.0,26.214557647705078,2515.0,2818.854491174221,1.0,0.3664315342903137,-6.0,0.0
1.0,1.0,1.0,2.0,0.0,26.214557647705078,0.3664315342903137,0.0,0.0,0.0,0.0,0.0,0.0,4.0,1.0,1.0,1.0,0.0,1.0,5.0,2.0,0.0,0.0,39.0,26.214407682418823,2554.0,2845.06889885664,0.0,0.36643627285957336,2.0,0.0
1.0,1.0,1.0,2.0,0.0,26.214407682418823,0.36643627285957336,0.0,0.0,0.0,0.0,0.0,0.0,4.0,1.0,1.0,1.0,0.0,1.0,5.0,2.0,0.0,0.0,43.0,26.214255690574646,2597.0,2871.2831545472145,0.0,0.366441011428833,0.0,0.0
1.0,1.0,1.0,2.0,0.0,26.214255690574646,0.366441011428833,0.0,0.0,0.0,0.0,0.0,0.0,1.0,1.0,1.0,1.0,1.0,1.0,1.0,2.0,0.0,0.0,46.0,26.214107751846313,2643.0,2897.497262299061,0.0,0.3664456009864807,4.0,0.0
1.0,1.0,1.0,2.0,0.0,26.214107751846313,0.3664456009864807,0.0,0.0,0.0,0.0,0.0,0.0,3.0,1.0,0.0,1.0,0.0,1.0,12.0,2.0,0.0,0.0,5.0,26.213963866233826,2648.0,2923.7112261652946,1.0,0.36645010113716125,0.0,0.0
1.0,1.0,1.0,2.0,0.0,26.213963866233826,0.36645010113716125,0.0,0.0,0.0,0.0,0.0,0.0,4.0,1.0,1.0,1.0,0.0,1.0,5.0,2.0,0.0,0.0,39.0,26.213826060295105,2687.0,2949.9250522255898,0.0,0.36645448207855225,-1.0,0.0
1.0,1.0,1.0,2.0,0.0,26.213826060295105,0.36645448207855225,0.0,0.0,0.0,0.0,0.0,0.0,1.0,1.0,1.0,1.0,0.0,1.0,1.0,2.0,0.0,0.0,13.0,26.213698387145996,2700.0,2976.1387506127357,0.0,0.36645859479904175,4.0,0.0
1.0,1.0,1.0,2.0,0.0,26.213698387145996,0.36645859479904175,0.0,0.0,0.0,0.0,0.0,0.0,1.0,1.0,1.0,1.0,1.0,1.0,2.0,2.0,0.0,0.0,6.0,26.213570713996887,2706.0,3002.3523213267326,0.0,0.36646246910095215,0.0,0.0
1.0,1.0,1.0,2.0,0.0,26.213570713996887,0.36646246910095215,0.0,0.0,0.0,0.0,0.0,0.0,5.0,1.0,0.0,1.0,0.0,1.0,11.0,2.0,0.0,0.0,8.0,26.213449120521545,2714.0,3028.565770447254,1.0,0.36646634340286255,0.0,0.0
1.0,1.0,1.0,2.0,0.0,26.213449120521545,0.36646634340286255,0.0,0.0,0.0,0.0,0.0,0.0,1.0,1.0,1.0,1.0,0.0,1.0,1.0,2.0,0.0,0.0,36.0,26.21333360671997,2750.0,3054.779104053974,1.0,0.366470068693161,37.0,0.0
1.0,1.0,1.0,2.0,0.0,26.21333360671997,0.366470068693161,0.0,0.0,0.0,0.0,0.0,0.0,1.0,1.0,1.0,1.0,1.0,1.0,1.0,2.0,0.0,0.0,40.0,26.21321403980255,2790.0,3080.9923180937767,0.0,0.3664737939834595,9.0,0.0
1.0,1.0,1.0,2.0,0.0,26.21321403980255,0.3664737939834595,0.0,0.0,0.0,0.0,0.0,0.0,4.0,1.0,1.0,1.0,0.0,1.0,5.0,2.0,0.0,0.0,45.0,26.213098526000977,2835.0,3107.2054166197777,0.0,0.36647748947143555,0.0,0.0
1.0,1.0,1.0,2.0,0.0,26.213098526000977,0.36647748947143555,0.0,0.0,0.0,0.0,0.0,0.0,1.0,1.0,1.0,1.0,1.0,1.0,1.0,2.0,0.0,0.0,30.0,26.212983012199402,2865.0,3133.418399631977,1.0,0.3664809763431549,6.0,0.0
1.0,1.0,1.0,2.0,0.0,26.212983012199402,0.3664809763431549,0.0,0.0,0.0,0.0,0.0,0.0,1.0,1.0,1.0,1.0,1.0,1.0,1.0,2.0,0.0,0.0,45.0,26.21287763118744,2910.0,3159.6312772631645,0.0,0.36648449301719666,5.0,0.0
1.0,1.0,1.0,2.0,0.0,26.21287763118744,0.36648449301719666,0.0,0.0,0.0,0.0,0.0,0.0,4.0,1.0,1.0,1.0,1.0,1.0,6.0,2.0,0.0,0.0,35.0,26.212770223617554,2945.0,3185.844047486782,1.0,0.3664878010749817,4.0,0.0
1.0,1.0,1.0,2.0,0.0,26.212770223617554,0.3664878010749817,0.0,0.0,0.0,0.0,0.0,0.0,4.0,1.0,1.0,1.0,1.0,1.0,5.0,2.0,0.0,0.0,0.0,26.21266484260559,2945.0,3212.0567123293877,1.0,0.3664911389350891,4.0,0.0
1.0,1.0,1.0,2.0,0.0,26.21266484260559,0.3664911389350891,0.0,0.0,0.0,0.0,0.0,0.0,6.0,1.0,0.0,1.0,0.0,1.0,9.0,2.0,0.0,0.0,0.0,26.212565541267395,2945.0,3238.269277870655,1.0,0.3664942681789398,0.0,0.0
1.0,1.0,1.0,2.0,0.0,26.212565541267395,0.3664942681789398,0.0,0.0,0.0,0.0,0.0,0.0,0.0,1.0,0.0,1.0,0.0,1.0,0.0,2.0,0.0,0.0,8.0,26.21246826648712,2953.0,3264.481746137142,1.0,0.36649730801582336,0.0,0.0
1.0,1.0,1.0,2.0,0.0,26.21246826648712,0.36649730801582336,0.0,0.0,0.0,0.0,0.0,0.0,1.0,1.0,1.0,1.0,0.0,1.0,2.0,2.0,0.0,0.0,8.0,26.212375044822693,2961.0,3290.694121181965,0.0,0.36650028824806213,0.0,0.0
1.0,1.0,1.0,2.0,0.0,26.212375044822693,0.36650028824806213,0.0,0.0,0.0,0.0,0.0,0.0,1.0,1.0,1.0,1.0,1.0,1.0,1.0,2.0,0.0,0.0,36.0,26.21228587627411,2997.0,3316.906407058239,0.0,0.36650311946868896,12.0,0.0
1.0,1.0,1.0,2.0,0.0,26.21228587627411,0.36650311946868896,0.0,0.0,0.0,0.0,0.0,0.0,1.0,1.0,2.0,1.0,1.0,1.0,2.0,2.0,0.0,0.0,5.0,26.21220076084137,3002.0,3343.1186078190804,0.0,0.36650586128234863,0.0,0.0
1.0,1.0,1.0,2.0,0.0,26.21220076084137,0.36650586128234863,0.0,0.0,0.0,0.0,0.0,0.0,4.0,1.0,1.0,1.0,1.0,1.0,5.0,2.0,0.0,0.0,22.0,26.21211564540863,3024.0,3369.330723464489,0.0,0.36650848388671875,7.0,0.0
1.0,1.0,1.0,2.0,0.0,26.21211564540863,0.36650848388671875,0.0,0.0,0.0,0.0,0.0,0.0,1.0,1.0,2.0,1.0,1.0,1.0,1.0,2.0,0.0,0.0,23.0,26.212034583091736,3047.0,3395.5427580475807,0.0,0.36651110649108887,12.0,0.0
1.0,1.0,1.0,2.0,0.0,26.212034583091736,0.36651110649108887,0.0,0.0,0.0,0.0,0.0,0.0,1.0,1.0,2.0,1.0,1.0,1.0,2.0,2.0,0.0,0.0,4.0,26.211957573890686,3051.0,3421.7547156214714,0.0,0.36651360988616943,0.0,0.0
1.0,1.0,1.0,2.0,0.0,26.211957573890686,0.36651360988616943,0.0,0.0,0.0,0.0,0.0,0.0,1.0,1.0,1.0,1.0,1.0,1.0,2.0,2.0,0.0,0.0,6.0,26.21188259124756,3057.0,3447.966598212719,0.0,0.36651599407196045,0.0,0.0
1.0,1.0,1.0,2.0,0.0,26.21188259124756,0.36651599407196045,0.0,0.0,0.0,0.0,0.0,0.0,1.0,1.0,1.0,1.0,1.0,1.0,2.0,2.0,0.0,0.0,5.0,26.21180760860443,3062.0,3474.1784058213234,0.0,0.36651840806007385,0.0,0.0
1.0,1.0,1.0,2.0,0.0,26.21180760860443,0.36651840806007385,0.0,0.0,0.0,0.0,0.0,0.0,5.0,1.0,0.0,1.0,0.0,1.0,11.0,2.0,0.0,0.0,9.0,26.211732625961304,3071.0,3500.3901384472847,1.0,0.3665207028388977,0.0,0.0
1.0,1.0,1.0,2.0,0.0,26.211732625961304,0.3665207028388977,0.0,0.0,0.0,0.0,0.0,0.0,4.0,1.0,1.0,1.0,1.0,1.0,5.0,2.0,0.0,0.0,45.0,26.21166169643402,3116.0,3526.6018001437187,0.0,0.36652296781539917,12.0,0.0
1.0,1.0,1.0,2.0,0.0,26.21166169643402,0.36652296781539917,0.0,0.0,0.0,0.0,0.0,0.0,1.0,1.0,1.0,1.0,0.0,1.0,2.0,2.0,0.0,0.0,6.0,26.21159076690674,3122.0,3552.8133909106255,0.0,0.366525262594223,0.0,0.0
1.0,1.0,1.0,2.0,0.0,26.21159076690674,0.366525262594223,0.0,0.0,0.0,0.0,0.0,0.0,4.0,1.0,1.0,1.0,1.0,1.0,6.0,2.0,0.0,0.0,31.0,26.211517810821533,3153.0,3579.024908721447,1.0,0.3665274381637573,1.0,0.0
1.0,1.0,1.0,2.0,0.0,26.211517810821533,0.3665274381637573,0.0,0.0,0.0,0.0,0.0,0.0,1.0,1.0,1.0,1.0,1.0,1.0,2.0,2.0,0.0,0.0,6.0,26.211448907852173,3159.0,3605.236357629299,0.0,0.366529643535614,0.0,0.0
,,,,,,,,,,,,,5.0,,0.0,,0.0,,8.0,,0.0,,7.0,,3166.0,3605.236357629299,1.0,,0.0,
,,,,,,,,,,,,,1.0,,1.0,,1.0,,2.0,,0.0,,8.0,,3174.0,3605.236357629299,0.0,,0.0,
,,,,,,,,,,,,,1.0,,1.0,,1.0,,1.0,,0.0,,26.0,,3200.0,3605.236357629299,0.0,,13.0,
,,,,,,,,,,,,,1.0,,2.0,,1.0,,2.0,,0.0,,6.0,,3206.0,3605.236357629299,0.0,,0.0,
,,,,,,,,,,,,,1.0,,1.0,,1.0,,1.0,,0.0,,19.0,,3225.0,3605.236357629299,1.0,,8.0,
,,,,,,,,,,,,,4.0,,2.0,,1.0,,5.0,,0.0,,37.0,,3262.0,3605.236357629299,0.0,,1.0,
,,,,,,,,,,,,,4.0,,1.0,,0.0,,5.0,,0.0,,4.0,,3266.0,3605.236357629299,1.0,,-1.0,
,,,,,,,,,,,,,4.0,,1.0,,1.0,,5.0,,0.0,,7.0,,3273.0,3605.236357629299,0.0,,-2.0,
,,,,,,,,,,,,,4.0,,1.0,,0.0,,6.0,,0.0,,43.0,,3316.0,3605.236357629299,0.0,,1.0,
,,,,,,,,,,,,,1.0,,1.0,,1.0,,1.0,,0.0,,48.0,,3364.0,3605.236357629299,0.0,,12.0,
,,,,,,,,,,,,,4.0,,1.0,,0.0,,6.0,,0.0,,5.0,,3369.0,3605.236357629299,0.0,,1.0,
,,,,,,,,,,,,,4.0,,1.0,,0.0,,5.0,,0.0,,5.0,,3374.0,3605.236357629299,0.0,,0.0,
,,,,,,,,,,,,,4.0,,1.0,,0.0,,5.0,,0.0,,47.0,,3421.0,3605.236357629299,0.0,,16.0,
,,,,,,,,,,,,,4.0,,1.0,,0.0,,5.0,,0.0,,44.0,,3465.0,3605.236357629299,0.0,,1.0,
,,,,,,,,,,,,,4.0,,1.0,,0.0,,5.0,,0.0,,15.0,,3480.0,3605.236357629299,0.0,,0.0,
,,,,,,,,,,,,,4.0,,1.0,,0.0,,5.0,,0.0,,46.0,,3526.0,3605.236357629299,0.0,,5.0,
,,,,,,,,,,,,,4.0,,1.0,,0.0,,5.0,,0.0,,0.0,,3526.0,3605.236357629299,1.0,,13.0,
,,,,,,,,,,,,,6.0,,0.0,,0.0,,9.0,,0.0,,0.0,,3526.0,3605.236357629299,1.0,,0.0,
,,,,,,,,,,,,,0.0,,0.0,,0.0,,0.0,,0.0,,10.0,,3536.0,3605.236357629299,1.0,,0.0,
,,,,,,,,,,,,,4.0,,1.0,,1.0,,5.0,,0.0,,21.0,,3557.0,3605.236357629299,0.0,,7.0,
,,,,,,,,,,,,,1.0,,2.0,,1.0,,1.0,,0.0,,23.0,,3580.0,3605.236357629299,0.0,,8.0,
,,,,,,,,,,,,,1.0,,2.0,,1.0,,2.0,,0.0,,6.0,,3586.0,3605.236357629299,0.0,,0.0,
,,,,,,,,,,,,,1.0,,1.0,,1.0,,1.0,,0.0,,14.0,,3600.0,3605.236357629299,1.0,,18.0,
